ShaderType: Standard
Name: Greydwarf_Purple_eye
_Color:
  r: 0.9716981
  g: 0.0229174
  b: 0.7028769
  a: 1
_MainTex: ''
_EmissionColor:
  r: 3.304865
  g: 1.137996
  b: 2.363241
  a: 1
Transparent: false
_Hue: 0
_Value: 0
_Saturation: 0
